Entrada: 
0 1 1 1 1 
1 0 1 1 1 
1 1 0 1 1 
1 1 1 0 1 
1 1 1 1 0 
---------------------------------------
Lista de vectores:
V1=(1,2) 
V2=(1,3) 
V3=(1,4) 
V4=(1,5) 
V5=(2,3) 
V6=(2,4) 
V7=(2,5) 
V8=(3,4) 
V9=(3,5) 
V10=(4,5) 

Matriz generada con k:
   V1 V2 V3 V4 V5 V6 V7 V8 V9 V10 
V1  0  0  0  0  0  0  0  1  1  1   
V2  0  0  0  0  0  1  1  0  0  1   
V3  0  0  0  0  1  0  1  0  1  0   
V4  0  0  0  0  1  1  0  1  0  0   
V5  0  0  1  1  0  0  0  0  0  1   
V6  0  1  0  1  0  0  0  0  1  0   
V7  0  1  1  0  0  0  0  1  0  0   
V8  1  0  0  1  0  0  1  0  0  0   
V9  1  0  1  0  0  1  0  0  0  0   
V10 1  1  0  0  1  0  0  0  0  0   
