Entrada: 
0 1 1 1 1 
1 0 1 1 1 
1 1 0 1 1 
1 1 1 0 1 
1 1 1 1 0 
---------------------------------------
Lista de vectores:
V1=(1,2,3) 
V2=(1,2,4) 
V3=(1,2,5) 
V4=(1,3,4) 
V5=(1,3,5) 
V6=(1,4,5) 
V7=(2,3,4) 
V8=(2,3,5) 
V9=(2,4,5) 
V10=(3,4,5) 

Matriz generada con k:
   V1 V2 V3 V4 V5 V6 V7 V8 V9 V10 
V1  0  0  0  0  0  0  0  0  0  0   
V2  0  0  0  0  0  0  0  0  0  0   
V3  0  0  0  0  0  0  0  0  0  0   
V4  0  0  0  0  0  0  0  0  0  0   
V5  0  0  0  0  0  0  0  0  0  0   
V6  0  0  0  0  0  0  0  0  0  0   
V7  0  0  0  0  0  0  0  0  0  0   
V8  0  0  0  0  0  0  0  0  0  0   
V9  0  0  0  0  0  0  0  0  0  0   
V10 0  0  0  0  0  0  0  0  0  0   
