Entrada: 
0 1 1 0 0 0 1 1 0 
1 0 1 1 0 1 1 0 0 
1 1 0 0 0 1 0 1 0 
0 1 0 0 1 0 0 0 0 
0 0 0 1 0 1 0 1 1 
0 1 1 0 1 0 0 1 0 
1 1 0 0 0 0 0 1 1 
1 0 1 0 1 1 1 0 1 
0 0 0 0 1 0 1 1 0 
---------------------------------------
Lista de vectores:
V1=(1,2,3) 
V2=(1,2,4) 
V3=(1,2,5) 
V4=(1,2,6) 
V5=(1,2,7) 
V6=(1,2,8) 
V7=(1,2,9) 
V8=(1,3,4) 
V9=(1,3,5) 
V10=(1,3,6) 
V11=(1,3,7) 
V12=(1,3,8) 
V13=(1,3,9) 
V14=(1,4,5) 
V15=(1,4,6) 
V16=(1,4,7) 
V17=(1,4,8) 
V18=(1,4,9) 
V19=(1,5,6) 
V20=(1,5,7) 
V21=(1,5,8) 
V22=(1,5,9) 
V23=(1,6,7) 
V24=(1,6,8) 
V25=(1,6,9) 
V26=(1,7,8) 
V27=(1,7,9) 
V28=(1,8,9) 
V29=(2,3,4) 
V30=(2,3,5) 
V31=(2,3,6) 
V32=(2,3,7) 
V33=(2,3,8) 
V34=(2,3,9) 
V35=(2,4,5) 
V36=(2,4,6) 
V37=(2,4,7) 
V38=(2,4,8) 
V39=(2,4,9) 
V40=(2,5,6) 
V41=(2,5,7) 
V42=(2,5,8) 
V43=(2,5,9) 
V44=(2,6,7) 
V45=(2,6,8) 
V46=(2,6,9) 
V47=(2,7,8) 
V48=(2,7,9) 
V49=(2,8,9) 
V50=(3,4,5) 
V51=(3,4,6) 
V52=(3,4,7) 
V53=(3,4,8) 
V54=(3,4,9) 
V55=(3,5,6) 
V56=(3,5,7) 
V57=(3,5,8) 
V58=(3,5,9) 
V59=(3,6,7) 
V60=(3,6,8) 
V61=(3,6,9) 
V62=(3,7,8) 
V63=(3,7,9) 
V64=(3,8,9) 
V65=(4,5,6) 
V66=(4,5,7) 
V67=(4,5,8) 
V68=(4,5,9) 
V69=(4,6,7) 
V70=(4,6,8) 
V71=(4,6,9) 
V72=(4,7,8) 
V73=(4,7,9) 
V74=(4,8,9) 
V75=(5,6,7) 
V76=(5,6,8) 
V77=(5,6,9) 
V78=(5,7,8) 
V79=(5,7,9) 
V80=(5,8,9) 
V81=(6,7,8) 
V82=(6,7,9) 
V83=(6,8,9) 
V84=(7,8,9) 

Matriz muy grande
